N 	 time 
5 	0.000002 
15 	0.000002 
25 	0.000003 
35 	0.000004 
45 	0.000005 
55 	0.000006 
65 	0.000007 
75 	0.000008 
85 	0.000014 
95 	0.000010 
105 	0.000011 
115 	0.000012 
125 	0.000013 
135 	0.000014 
145 	0.000015 
155 	0.000016 
165 	0.000016 
175 	0.000018 
185 	0.000018 
195 	0.000020 
205 	0.000021 
215 	0.000021 
225 	0.000022 
235 	0.000024 
245 	0.000025 
255 	0.000025 
265 	0.000026 
275 	0.000027 
285 	0.000028 
295 	0.000076 
305 	0.000030 
315 	0.000031 
325 	0.000032 
335 	0.000034 
345 	0.000034 
355 	0.000036 
365 	0.000037 
375 	0.000038 
385 	0.000039 
395 	0.000039 
405 	0.000040 
415 	0.000042 
425 	0.000043 
435 	0.000044 
445 	0.000045 
455 	0.000045 
465 	0.000047 
475 	0.000048 
485 	0.000049 
495 	0.000050 
505 	0.000108 
515 	0.000052 
525 	0.000053 
535 	0.000054 
545 	0.000055 
555 	0.000056 
565 	0.000057 
575 	0.000059 
585 	0.000059 
595 	0.000060 
605 	0.000061 
615 	0.000062 
625 	0.000063 
635 	0.000064 
645 	0.000065 
655 	0.000066 
665 	0.000067 
675 	0.000068 
685 	0.000070 
695 	0.000070 
705 	0.000071 
715 	0.000073 
725 	0.000074 
735 	0.000075 
745 	0.000076 
755 	0.000077 
765 	0.000078 
775 	0.000079 
785 	0.000079 
795 	0.000152 
805 	0.000081 
815 	0.000083 
825 	0.000084 
835 	0.000086 
845 	0.000086 
855 	0.000087 
865 	0.000088 
875 	0.000089 
885 	0.000089 
895 	0.000090 
905 	0.000091 
915 	0.000093 
925 	0.000093 
935 	0.000095 
945 	0.000095 
955 	0.000096 
965 	0.000098 
975 	0.000099 
985 	0.000100 
995 	0.000101 
1005 	0.000160 
1015 	0.000067 
1025 	0.000067 
1035 	0.000069 
1045 	0.000069 
1055 	0.000069 
1065 	0.000070 
1075 	0.000071 
1085 	0.000072 
1095 	0.000072 
1105 	0.000073 
1115 	0.000078 
1125 	0.000074 
1135 	0.000075 
1145 	0.000076 
1155 	0.000076 
1165 	0.000077 
1175 	0.000077 
1185 	0.000078 
1195 	0.000079 
1205 	0.000080 
1215 	0.000080 
1225 	0.000081 
1235 	0.000081 
1245 	0.000082 
1255 	0.000083 
1265 	0.000084 
1275 	0.000085 
1285 	0.000085 
1295 	0.000086 
1305 	0.000086 
1315 	0.000087 
1325 	0.000088 
1335 	0.000088 
1345 	0.000089 
1355 	0.000090 
1365 	0.000090 
1375 	0.000091 
1385 	0.000092 
1395 	0.000092 
1405 	0.000093 
1415 	0.000094 
1425 	0.000095 
1435 	0.000095 
1445 	0.000096 
1455 	0.000097 
1465 	0.000097 
1475 	0.000104 
1485 	0.000099 
1495 	0.000099 
1505 	0.000100 
1515 	0.000101 
1525 	0.000102 
1535 	0.000102 
1545 	0.000103 
1555 	0.000103 
1565 	0.000104 
1575 	0.000106 
1585 	0.000108 
1595 	0.000179 
1605 	0.000508 
1615 	0.000110 
1625 	0.000110 
1635 	0.000111 
1645 	0.000112 
1655 	0.000113 
1665 	0.000114 
1675 	0.000115 
1685 	0.000116 
1695 	0.000117 
1705 	0.000118 
1715 	0.000118 
1725 	0.000120 
1735 	0.000120 
1745 	0.000121 
1755 	0.000121 
1765 	0.000121 
1775 	0.000121 
1785 	0.000183 
1795 	0.000123 
1805 	0.000124 
1815 	0.000123 
1825 	0.000124 
1835 	0.000125 
1845 	0.000126 
1855 	0.000128 
1865 	0.000129 
1875 	0.000128 
1885 	0.000129 
1895 	0.000131 
1905 	0.000131 
1915 	0.000132 
1925 	0.000132 
1935 	0.000133 
1945 	0.000133 
1955 	0.000135 
1965 	0.000134 
1975 	0.000135 
1985 	0.000136 
1995 	0.000137 
2005 	0.000138 
2015 	0.000139 
2025 	0.000139 
2035 	0.000137 
2045 	0.000138 
2055 	0.000138 
2065 	0.000179 
2075 	0.000157 
2085 	0.000141 
2095 	0.000141 
2105 	0.000141 
2115 	0.000142 
2125 	0.000142 
2135 	0.000154 
2145 	0.000144 
2155 	0.000144 
2165 	0.000145 
2175 	0.000145 
2185 	0.000147 
2195 	0.000146 
2205 	0.000147 
2215 	0.000148 
2225 	0.000150 
2235 	0.000150 
2245 	0.000151 
2255 	0.000151 
2265 	0.000152 
2275 	0.000153 
2285 	0.000153 
2295 	0.000154 
2305 	0.000154 
2315 	0.000155 
2325 	0.000156 
2335 	0.000156 
2345 	0.000163 
2355 	0.000158 
2365 	0.000158 
2375 	0.000159 
2385 	0.000160 
2395 	0.000160 
2405 	0.000161 
2415 	0.000162 
2425 	0.000162 
2435 	0.000163 
2445 	0.000164 
2455 	0.000165 
2465 	0.000165 
2475 	0.000166 
2485 	0.000166 
2495 	0.000167 
2505 	0.000167 
2515 	0.000168 
2525 	0.000169 
2535 	0.000169 
2545 	0.000170 
2555 	0.000172 
2565 	0.000172 
2575 	0.000173 
2585 	0.000190 
2595 	0.000173 
2605 	0.000176 
2615 	0.000180 
2625 	0.000180 
2635 	0.000179 
2645 	0.000323 
2655 	0.000182 
2665 	0.000182 
2675 	0.000209 
2685 	0.000255 
2695 	0.000181 
2705 	0.000183 
2715 	0.000183 
2725 	0.000183 
2735 	0.000259 
2745 	0.000185 
2755 	0.000186 
2765 	0.000187 
2775 	0.000190 
2785 	0.000203 
2795 	0.000192 
2805 	0.000193 
2815 	0.000194 
2825 	0.000197 
2835 	0.000194 
2845 	0.000196 
2855 	0.000196 
2865 	0.000196 
2875 	0.000197 
2885 	0.000270 
2895 	0.000196 
2905 	0.000197 
2915 	0.000198 
2925 	0.000198 
2935 	0.000199 
2945 	0.000199 
2955 	0.000199 
2965 	0.000201 
2975 	0.000258 
2985 	0.000202 
2995 	0.000266 
3005 	0.000206 
3015 	0.000205 
3025 	0.000279 
3035 	0.000204 
3045 	0.000206 
3055 	0.000206 
3065 	0.000207 
3075 	0.000208 
3085 	0.000208 
3095 	0.000209 
3105 	0.000211 
3115 	0.000211 
3125 	0.000211 
3135 	0.000212 
3145 	0.000213 
3155 	0.000214 
3165 	0.000238 
3175 	0.000214 
3185 	0.000215 
3195 	0.000216 
3205 	0.000217 
3215 	0.000217 
3225 	0.000218 
3235 	0.000219 
3245 	0.000220 
3255 	0.000222 
3265 	0.000222 
3275 	0.000224 
3285 	0.000228 
3295 	0.000225 
3305 	0.000300 
3315 	0.000226 
3325 	0.000227 
3335 	0.000234 
3345 	0.000228 
3355 	0.000230 
3365 	0.000229 
3375 	0.000230 
3385 	0.000231 
3395 	0.000231 
3405 	0.000232 
3415 	0.000231 
3425 	0.000232 
3435 	0.000233 
3445 	0.000233 
3455 	0.000234 
3465 	0.000235 
3475 	0.000235 
3485 	0.000236 
3495 	0.000236 
3505 	0.000252 
3515 	0.000239 
3525 	0.000239 
3535 	0.000240 
3545 	0.000240 
3555 	0.000242 
3565 	0.000242 
3575 	0.000241 
3585 	0.000243 
3595 	0.000243 
3605 	0.000244 
3615 	0.000245 
3625 	0.000246 
3635 	0.000246 
3645 	0.000247 
3655 	0.000247 
3665 	0.000248 
3675 	0.000254 
3685 	0.000249 
3695 	0.000251 
3705 	0.000255 
3715 	0.000352 
3725 	0.000253 
3735 	0.000253 
3745 	0.000253 
3755 	0.000254 
3765 	0.000254 
3775 	0.000256 
3785 	0.000256 
3795 	0.000258 
3805 	0.000258 
3815 	0.000259 
3825 	0.000271 
3835 	0.000261 
3845 	0.000261 
3855 	0.000261 
3865 	0.000262 
3875 	0.000262 
3885 	0.000265 
3895 	0.000265 
3905 	0.000264 
3915 	0.000266 
3925 	0.000266 
3935 	0.000267 
3945 	0.000267 
3955 	0.000269 
3965 	0.000270 
3975 	0.000295 
3985 	0.000270 
3995 	0.000269 
4005 	0.000270 
4015 	0.000272 
4025 	0.000272 
4035 	0.000274 
4045 	0.000276 
4055 	0.000275 
4065 	0.000330 
4075 	0.000283 
4085 	0.000706 
4095 	0.000577 
4105 	0.000280 
4115 	0.000279 
4125 	0.000280 
4135 	0.000280 
4145 	0.000281 
4155 	0.000282 
4165 	0.000282 
4175 	0.000282 
4185 	0.000296 
4195 	0.000285 
4205 	0.000285 
4215 	0.000286 
4225 	0.000287 
4235 	0.000311 
4245 	0.000288 
4255 	0.000290 
4265 	0.000290 
4275 	0.000290 
4285 	0.000325 
4295 	0.000291 
4305 	0.000292 
4315 	0.000293 
4325 	0.000294 
4335 	0.000294 
4345 	0.000294 
4355 	0.000296 
4365 	0.000303 
4375 	0.000297 
4385 	0.000299 
4395 	0.000301 
4405 	0.000298 
4415 	0.000300 
4425 	0.000300 
4435 	0.000301 
4445 	0.000302 
4455 	0.000303 
4465 	0.000302 
4475 	0.000304 
4485 	0.000304 
4495 	0.000310 
4505 	0.000307 
4515 	0.000306 
4525 	0.000306 
4535 	0.000307 
4545 	0.000309 
4555 	0.000309 
4565 	0.000309 
4575 	0.000310 
4585 	0.000310 
4595 	0.000312 
4605 	0.000312 
4615 	0.000313 
4625 	0.000325 
4635 	0.000314 
4645 	0.000316 
4655 	0.000315 
4665 	0.000316 
4675 	0.000317 
4685 	0.000318 
4695 	0.000318 
4705 	0.000320 
4715 	0.000322 
4725 	0.000320 
4735 	0.000321 
4745 	0.000321 
4755 	0.000327 
4765 	0.000324 
4775 	0.000324 
4785 	0.000325 
4795 	0.000326 
4805 	0.000326 
4815 	0.000327 
4825 	0.000347 
4835 	0.000328 
4845 	0.000328 
4855 	0.000330 
4865 	0.000331 
4875 	0.000342 
4885 	0.000330 
4895 	0.000332 
4905 	0.000333 
4915 	0.000334 
4925 	0.000335 
4935 	0.000334 
4945 	0.000337 
4955 	0.000336 
4965 	0.000337 
4975 	0.000337 
4985 	0.000338 
4995 	0.000343 
5005 	0.000339 
5015 	0.000344 
5025 	0.000341 
5035 	0.000342 
5045 	0.000342 
5055 	0.000343 
5065 	0.000343 
5075 	0.000344 
5085 	0.000345 
5095 	0.000345 
5105 	0.000357 
5115 	0.000348 
5125 	0.000348 
5135 	0.000349 
5145 	0.000349 
5155 	0.000350 
5165 	0.000351 
5175 	0.000350 
5185 	0.000354 
5195 	0.000351 
5205 	0.000357 
5215 	0.000359 
5225 	0.000355 
5235 	0.000355 
5245 	0.000356 
5255 	0.000356 
5265 	0.000357 
5275 	0.000358 
5285 	0.000359 
5295 	0.000359 
5305 	0.000381 
5315 	0.000362 
5325 	0.000361 
5335 	0.000372 
5345 	0.000363 
5355 	0.000363 
5365 	0.000365 
5375 	0.000365 
5385 	0.000365 
5395 	0.000365 
5405 	0.000367 
5415 	0.000367 
5425 	0.000369 
5435 	0.000374 
5445 	0.000371 
5455 	0.000371 
5465 	0.000374 
5475 	0.000374 
5485 	0.000375 
5495 	0.000376 
5505 	0.000376 
5515 	0.000378 
5525 	0.000376 
5535 	0.000376 
5545 	0.000386 
5555 	0.000377 
5565 	0.000380 
5575 	0.000378 
5585 	0.000380 
5595 	0.000379 
5605 	0.000380 
5615 	0.000381 
5625 	0.000383 
5635 	0.000382 
5645 	0.000384 
5655 	0.000388 
5665 	0.000386 
5675 	0.000387 
5685 	0.000386 
5695 	0.000386 
5705 	0.000388 
5715 	0.000387 
5725 	0.000389 
5735 	0.000389 
5745 	0.000409 
5755 	0.000404 
5765 	0.000390 
5775 	0.000391 
5785 	0.000392 
5795 	0.000393 
5805 	0.000394 
5815 	0.000395 
5825 	0.000399 
5835 	0.000396 
5845 	0.000397 
5855 	0.000401 
5865 	0.000399 
5875 	0.000398 
5885 	0.000400 
5895 	0.000400 
5905 	0.000399 
5915 	0.000402 
5925 	0.000402 
5935 	0.000403 
5945 	0.000403 
5955 	0.000415 
5965 	0.000405 
5975 	0.000405 
5985 	0.000406 
5995 	0.000406 
6005 	0.000407 
6015 	0.000408 
6025 	0.000410 
6035 	0.000409 
6045 	0.000410 
6055 	0.000415 
6065 	0.000411 
6075 	0.000414 
6085 	0.000413 
6095 	0.000413 
6105 	0.000414 
6115 	0.000416 
6125 	0.000419 
6135 	0.000419 
6145 	0.000429 
6155 	0.000436 
6165 	0.000418 
6175 	0.000418 
6185 	0.000418 
6195 	0.000420 
6205 	0.000421 
6215 	0.000422 
6225 	0.000423 
6235 	0.000426 
6245 	0.000429 
6255 	0.000427 
6265 	0.000428 
6275 	0.000429 
6285 	0.000428 
6295 	0.000427 
6305 	0.000429 
6315 	0.000431 
6325 	0.000429 
6335 	0.000440 
6345 	0.000431 
6355 	0.000432 
6365 	0.000431 
6375 	0.000433 
6385 	0.000436 
6395 	0.000437 
6405 	0.000436 
6415 	0.000437 
6425 	0.000444 
6435 	0.000436 
6445 	0.000437 
6455 	0.000437 
6465 	0.000461 
6475 	0.000439 
6485 	0.000440 
6495 	0.000440 
6505 	0.000442 
6515 	0.000454 
6525 	0.000443 
6535 	0.000445 
6545 	0.000463 
6555 	0.000445 
6565 	0.000447 
6575 	0.000446 
6585 	0.000448 
6595 	0.000447 
6605 	0.000451 
6615 	0.000447 
6625 	0.000449 
6635 	0.000449 
6645 	0.000451 
6655 	0.000450 
6665 	0.000453 
6675 	0.000453 
6685 	0.000454 
6695 	0.000459 
6705 	0.000454 
6715 	0.000456 
6725 	0.000457 
6735 	0.000456 
6745 	0.000457 
6755 	0.000463 
6765 	0.000459 
6775 	0.000459 
6785 	0.000476 
6795 	0.000461 
6805 	0.000461 
6815 	0.000462 
6825 	0.000463 
6835 	0.000465 
6845 	0.000466 
6855 	0.000464 
6865 	0.000470 
6875 	0.000466 
6885 	0.000470 
6895 	0.000470 
6905 	0.000489 
6915 	0.000469 
6925 	0.000470 
6935 	0.000472 
6945 	0.000472 
6955 	0.000482 
6965 	0.000473 
6975 	0.000477 
6985 	0.000475 
6995 	0.000474 
7005 	0.000474 
7015 	0.000476 
7025 	0.000477 
7035 	0.000481 
7045 	0.000478 
7055 	0.000480 
7065 	0.000480 
7075 	0.000480 
7085 	0.000482 
7095 	0.000484 
7105 	0.000485 
7115 	0.000496 
7125 	0.000485 
7135 	0.000484 
7145 	0.000486 
7155 	0.000488 
7165 	0.000487 
7175 	0.000487 
7185 	0.000490 
7195 	0.000492 
7205 	0.000490 
7215 	0.000490 
7225 	0.000491 
7235 	0.000492 
7245 	0.000511 
7255 	0.000496 
7265 	0.000495 
7275 	0.000494 
7285 	0.000526 
7295 	0.000496 
7305 	0.000495 
7315 	0.000497 
7325 	0.000497 
7335 	0.000498 
7345 	0.000498 
7355 	0.000499 
7365 	0.000504 
7375 	0.000501 
7385 	0.000505 
7395 	0.000501 
7405 	0.000502 
7415 	0.000505 
7425 	0.000504 
7435 	0.000517 
7445 	0.000506 
7455 	0.000507 
7465 	0.000509 
7475 	0.000508 
7485 	0.000508 
7495 	0.000510 
7505 	0.000510 
7515 	0.000516 
7525 	0.000511 
7535 	0.000512 
7545 	0.000514 
7555 	0.000514 
7565 	0.000514 
7575 	0.000540 
7585 	0.000518 
7595 	0.000519 
7605 	0.000518 
7615 	0.000517 
7625 	0.000518 
7635 	0.000519 
7645 	0.000520 
7655 	0.000520 
7665 	0.000521 
7675 	0.000533 
7685 	0.000523 
7695 	0.000523 
7705 	0.000524 
7715 	0.000526 
7725 	0.000524 
7735 	0.000524 
7745 	0.000535 
7755 	0.000527 
7765 	0.000531 
7775 	0.000527 
7785 	0.000529 
7795 	0.000528 
7805 	0.000531 
7815 	0.000532 
7825 	0.000541 
7835 	0.000533 
7845 	0.000534 
7855 	0.000534 
7865 	0.000535 
7875 	0.000536 
7885 	0.000536 
7895 	0.000561 
7905 	0.000537 
7915 	0.000538 
7925 	0.000538 
7935 	0.000539 
7945 	0.000543 
7955 	0.000546 
7965 	0.000545 
7975 	0.000552 
7985 	0.000543 
7995 	0.000543 
8005 	0.000545 
8015 	0.000544 
8025 	0.000546 
8035 	0.000547 
8045 	0.000552 
8055 	0.000548 
8065 	0.000549 
8075 	0.000549 
8085 	0.000550 
8095 	0.000550 
8105 	0.000554 
8115 	0.000565 
8125 	0.000552 
8135 	0.000556 
8145 	0.000553 
8155 	0.000554 
8165 	0.000555 
8175 	0.000557 
8185 	0.000560 
8195 	0.000576 
8205 	0.000557 
8215 	0.000559 
8225 	0.000559 
8235 	0.000561 
8245 	0.000560 
8255 	0.000572 
8265 	0.000563 
8275 	0.000562 
8285 	0.000567 
8295 	0.000564 
8305 	0.000565 
8315 	0.000569 
8325 	0.000580 
8335 	0.000565 
8345 	0.000568 
8355 	0.000569 
8365 	0.000568 
8375 	0.000569 
8385 	0.000571 
8395 	0.000582 
8405 	0.000572 
8415 	0.000571 
8425 	0.000573 
8435 	0.000577 
8445 	0.000578 
8455 	0.000579 
8465 	0.000582 
8475 	0.000579 
8485 	0.000603 
8495 	0.000581 
8505 	0.000582 
8515 	0.000582 
8525 	0.000579 
8535 	0.000590 
8545 	0.000581 
8555 	0.000581 
8565 	0.000583 
8575 	0.000583 
8585 	0.000585 
8595 	0.000584 
8605 	0.000590 
8615 	0.000586 
8625 	0.000586 
8635 	0.000587 
8645 	0.000588 
8655 	0.000591 
8665 	0.000590 
8675 	0.000601 
8685 	0.000592 
8695 	0.000591 
8705 	0.000591 
8715 	0.000595 
8725 	0.000597 
8735 	0.000598 
8745 	0.000602 
8755 	0.000599 
8765 	0.000618 
8775 	0.000596 
8785 	0.000597 
8795 	0.000599 
8805 	0.000608 
8815 	0.000598 
8825 	0.000604 
8835 	0.000602 
8845 	0.000601 
8855 	0.000601 
8865 	0.000603 
8875 	0.000610 
8885 	0.000605 
8895 	0.000605 
8905 	0.000607 
8915 	0.000606 
8925 	0.000608 
8935 	0.000619 
8945 	0.000610 
8955 	0.000611 
8965 	0.000610 
8975 	0.000611 
8985 	0.000613 
8995 	0.000615 
9005 	0.000618 
9015 	0.000613 
9025 	0.000615 
9035 	0.000615 
9045 	0.000636 
9055 	0.000618 
9065 	0.000627 
9075 	0.000617 
9085 	0.000620 
9095 	0.000620 
9105 	0.000619 
9115 	0.000626 
9125 	0.000625 
9135 	0.000631 
9145 	0.000626 
9155 	0.000625 
9165 	0.000624 
9175 	0.000624 
9185 	0.000626 
9195 	0.000634 
9205 	0.000627 
9215 	0.000628 
9225 	0.000626 
9235 	0.000629 
9245 	0.000630 
9255 	0.000634 
9265 	0.000631 
9275 	0.000632 
9285 	0.000631 
9295 	0.000636 
9305 	0.000656 
9315 	0.000639 
9325 	0.000646 
9335 	0.000635 
9345 	0.000637 
9355 	0.000637 
9365 	0.000637 
9375 	0.000639 
9385 	0.000643 
9395 	0.000640 
9405 	0.000640 
9415 	0.000640 
9425 	0.000640 
9435 	0.000643 
9445 	0.000655 
9455 	0.000643 
9465 	0.000648 
9475 	0.000645 
9485 	0.000646 
9495 	0.000647 
9505 	0.000674 
9515 	0.000648 
9525 	0.000649 
9535 	0.000649 
9545 	0.000651 
9555 	0.000652 
9565 	0.000683 
9575 	0.000652 
9585 	0.000653 
9595 	0.000653 
9605 	0.000654 
9615 	0.000659 
9625 	0.000655 
9635 	0.000660 
9645 	0.000657 
9655 	0.000658 
9665 	0.000658 
9675 	0.000659 
9685 	0.000660 
9695 	0.000669 
9705 	0.000662 
9715 	0.000666 
9725 	0.000666 
9735 	0.000667 
9745 	0.000665 
9755 	0.000669 
9765 	0.000666 
9775 	0.000668 
9785 	0.000666 
9795 	0.000670 
9805 	0.000672 
9815 	0.000699 
9825 	0.000669 
9835 	0.000671 
9845 	0.000670 
9855 	0.000670 
9865 	0.000677 
9875 	0.000672 
9885 	0.000673 
9895 	0.000672 
9905 	0.000673 
9915 	0.000679 
9925 	0.000685 
9935 	0.000677 
9945 	0.000678 
9955 	0.000679 
9965 	0.000679 
9975 	0.000680 
9985 	0.000684 
9995 	0.000681 
